0 0.471832 0.228551 0.247808 0.391895
0 0.859404 0.228261 0.250803 0.433110
0 0.867204 0.651338 0.216002 0.306020
0 0.530000 0.635452 0.247203 0.327759
0 0.056595 0.095318 0.087601 0.157191
0 0.235397 0.099498 0.102001 0.155518
0 0.256997 0.306020 0.111601 0.204013
0 0.064995 0.301003 0.121201 0.193980
0 0.060195 0.548495 0.118801 0.193980
0 0.249197 0.557692 0.115201 0.209030
0 0.336198 0.834448 0.162002 0.244147
0 0.087795 0.829431 0.166802 0.250836
0 0.533000 0.910535 0.068401 0.112040
0 0.616401 0.909699 0.093601 0.113712
0 0.815604 0.896321 0.096001 0.143813
0 0.914605 0.897993 0.106801 0.150502
1 0.142996 0.093645 0.058801 0.167224
1 0.157996 0.315217 0.060001 0.212375
1 0.159196 0.573579 0.079201 0.237458
1 0.218597 0.829431 0.073201 0.264214
1 0.660802 0.222408 0.115201 0.418060
1 0.704002 0.640468 0.088801 0.337793