0 0.159966 0.077759 0.220370 0.132107
0 0.479859 0.084448 0.220370 0.148829
0 0.793827 0.090301 0.199044 0.147157
0 0.797381 0.244147 0.234588 0.133779
0 0.481043 0.243311 0.208522 0.152174
0 0.117314 0.242475 0.182457 0.150502
0 0.146934 0.412207 0.232218 0.148829
0 0.478674 0.413043 0.203783 0.157191
0 0.798566 0.411371 0.203783 0.150502
0 0.804490 0.573579 0.215631 0.140468
0 0.509478 0.578595 0.218001 0.153846
0 0.148119 0.583612 0.229848 0.157191
0 0.163521 0.739967 0.236957 0.158863
0 0.507109 0.741639 0.208522 0.152174
0 0.824631 0.737458 0.208522 0.153846
0 0.146934 0.913043 0.213261 0.160535
1 0.401663 0.908027 0.139805 0.163880
0 0.629142 0.888796 0.234588 0.115385
0 0.866099 0.884615 0.196674 0.117057